Accuracy: 1.0000

              precision    recall  f1-score   support

           0       1.00      1.00      1.00        24
           1       1.00      1.00      1.00        24
           2       1.00      1.00      1.00        24
           3       1.00      1.00      1.00        24
           4       1.00      1.00      1.00        24
           5       1.00      1.00      1.00        24
           6       1.00      1.00      1.00        24
           7       1.00      1.00      1.00        24
           8       1.00      1.00      1.00        24
           9       1.00      1.00      1.00        24
          10       1.00      1.00      1.00        24
          11       1.00      1.00      1.00        24
          12       1.00      1.00      1.00        24
          13       1.00      1.00      1.00        24
          14       1.00      1.00      1.00        24
          15       1.00      1.00      1.00        24
          16       1.00      1.00      1.00        24
          17       1.00      1.00      1.00        24
          18       1.00      1.00      1.00        24
          19       1.00      1.00      1.00        24
          20       1.00      1.00      1.00        24
          21       1.00      1.00      1.00        24
          22       1.00      1.00      1.00        24
          23       1.00      1.00      1.00        24
          24       1.00      1.00      1.00        24
          25       1.00      1.00      1.00        24
          26       1.00      1.00      1.00        24
          27       1.00      1.00      1.00        24
          28       1.00      1.00      1.00        24
          29       1.00      1.00      1.00        24
          30       1.00      1.00      1.00        24
          31       1.00      1.00      1.00        24
          32       1.00      1.00      1.00        24
          33       1.00      1.00      1.00        24
          34       1.00      1.00      1.00        24
          35       1.00      1.00      1.00        24
          36       1.00      1.00      1.00        24
          37       1.00      1.00      1.00        24
          38       1.00      1.00      1.00        24
          39       1.00      1.00      1.00        24
          40       1.00      1.00      1.00        24

    accuracy                           1.00       984
   macro avg       1.00      1.00      1.00       984
weighted avg       1.00      1.00      1.00       984
